_viz_2 = nengo_gui.components.HTMLView(display_node)
_viz_config[_viz_2].x = -0.274879239821067
_viz_config[_viz_2].y = -0.8149666141810038
_viz_config[_viz_2].width = 0.2487264552854372
_viz_config[_viz_2].height = 0.2962272054029078
_viz_config[_viz_2].label_visible = True
_viz_3 = nengo_gui.components.HTMLView(output)
_viz_config[_viz_3].x = 1.0484045641100037
_viz_config[_viz_3].y = -0.7871900882391665
_viz_config[_viz_3].width = 0.2487264552854372
_viz_config[_viz_3].height = 0.2962272054029078
_viz_config[_viz_3].label_visible = True
_viz_net_graph = nengo_gui.components.NetGraph()
_viz_progress = nengo_gui.components.Progress()
_viz_config[_viz_progress].x = 0
_viz_config[_viz_progress].y = 0
_viz_config[_viz_progress].width = 100
_viz_config[_viz_progress].height = 100
_viz_config[_viz_progress].label_visible = True
_viz_sim_control = nengo_gui.components.SimControl()
_viz_config[_viz_sim_control].shown_time = 0.5
_viz_config[_viz_sim_control].kept_time = 4.0
_viz_config[display_node].pos=(-0.24305421851978554, -0.352197493814695)
_viz_config[display_node].size=(0.1, 0.1)
_viz_config[hidden].pos=(0.5544149216324209, 0.07238753779381613)
_viz_config[hidden].size=(0.1, 0.1)
_viz_config[in_ensemble].pos=(0.17234661254997194, 0.07421177528326076)
_viz_config[in_ensemble].size=(0.1, 0.1)
_viz_config[input].pos=(-0.242848551131225, 0.06669937906552775)
_viz_config[input].size=(0.1, 0.1)
_viz_config[model].pos=(1.1546379810779699, 1.306263317070146)
_viz_config[model].size=(0.35422740524781343, 0.35422740524781343)
_viz_config[model].expanded=True
_viz_config[model].has_layout=True
_viz_config[out_ensemble].pos=(1.073889127464193, 0.07959005154146617)
_viz_config[out_ensemble].size=(0.1, 0.1)
_viz_config[output].pos=(1.0628187335413037, -0.30072616705229716)
_viz_config[output].size=(0.1, 0.1)
_viz_config[recon_error].pos=(0.546221876625369, 0.571876265604678)
_viz_config[recon_error].size=(0.1, 0.1)