_viz_0 = nengo_gui.components.HTMLView(output)
_viz_config[_viz_0].x = 1.0849148844513095
_viz_config[_viz_0].y = -0.9051705145402712
_viz_config[_viz_0].width = 0.24707916034636038
_viz_config[_viz_0].height = 0.2942653168867985
_viz_config[_viz_0].label_visible = True
_viz_1 = nengo_gui.components.HTMLView(display_node)
_viz_config[_viz_1].x = -0.2088003119560721
_viz_config[_viz_1].y = -0.9194726555924652
_viz_config[_viz_1].width = 0.24707916034636038
_viz_config[_viz_1].height = 0.2942653168867985
_viz_config[_viz_1].label_visible = True
_viz_2 = nengo_gui.components.Value(error_disp_node)
_viz_config[_viz_2].max_value = 40
_viz_config[_viz_2].min_value = 0
_viz_config[_viz_2].show_legend = False
_viz_config[_viz_2].legend_labels = ['label_0']
_viz_config[_viz_2].synapse = 0.01
_viz_config[_viz_2].x = 1.0548211473105649
_viz_config[_viz_2].y = 0.9483442666719476
_viz_config[_viz_2].width = 0.2399851820026778
_viz_config[_viz_2].height = 0.27742865968910874
_viz_config[_viz_2].label_visible = True
_viz_net_graph = nengo_gui.components.NetGraph()
_viz_progress = nengo_gui.components.Progress()
_viz_config[_viz_progress].x = 0
_viz_config[_viz_progress].y = 0
_viz_config[_viz_progress].width = 100
_viz_config[_viz_progress].height = 100
_viz_config[_viz_progress].label_visible = True
_viz_sim_control = nengo_gui.components.SimControl()
_viz_config[_viz_sim_control].shown_time = 0.5
_viz_config[_viz_sim_control].kept_time = 4.0
_viz_config[display_node].pos=(-0.23467656385216373, -0.4515960365610419)
_viz_config[display_node].size=(0.1, 0.1)
_viz_config[error_disp_node].pos=(0.5436808057394928, 0.8566948458961554)
_viz_config[error_disp_node].size=(0.1, 0.1)
_viz_config[hidden].pos=(0.5544149216324209, 0.07238753779381613)
_viz_config[hidden].size=(0.1, 0.1)
_viz_config[in_ensemble].pos=(0.17234661254997194, 0.07421177528326076)
_viz_config[in_ensemble].size=(0.1, 0.1)
_viz_config[input].pos=(-0.242848551131225, 0.06669937906552775)
_viz_config[input].size=(0.1, 0.1)
_viz_config[model].pos=(1.4897496266300898, 1.6584785976726102)
_viz_config[model].size=(0.2827056260083161, 0.2827056260083161)
_viz_config[model].expanded=True
_viz_config[model].has_layout=True
_viz_config[out_ensemble].pos=(1.073889127464193, 0.07959005154146617)
_viz_config[out_ensemble].size=(0.1, 0.1)
_viz_config[output].pos=(1.0738633821760004, -0.4402372936110148)
_viz_config[output].size=(0.1, 0.1)
_viz_config[recon_error].pos=(0.546221876625369, 0.571876265604678)
_viz_config[recon_error].size=(0.1, 0.1)